1.5030311 1
1.2566112 1
1.2753659 0
1.3802372 1
1.4166351 1
1.2135868 1
1.2190614 0
1.3250839 0
1.3348481 1
1.3841446 1
1.490907 0
1.2360616 0
1.2574652 1
1.5567808 1
1.3086706 0
1.3157208 1
1.4594386 0
1.3980523 1
1.3302526 0
1.3655572 1
1.3911627 0
1.3696414 1
1.4134632 1
1.2806479 0
1.3540693 1
1.3257553 0
1.2336189 1
1.3869213 0
1.4808541 1
1.3934439 0
1.3695204 0
1.3350757 1
1.3764082 0
1.4479763 1
1.3600873 0
1.4192803 0
1.3065884 0
1.5165271 1
1.2666923 1
1.3228427 1
1.5439713 0
1.4413031 0
1.4085101 1
1.3715723 1
1.2584354 0
1.3276366 1
1.242142 1
1.3741329 0
1.467311 1
1.3662605 1
