1.50303110847 1
1.25661115304 1
1.27536594358 0
1.3802371652 1
1.41663508964 1
1.21358675463 1
1.21906141382 0
1.32508388637 0
1.33484808644 1
1.38414459532 1
1.4909069602 0
1.23606160959 0
1.25746519266 1
1.5567808278 1
1.30867055324 0
1.31572083327 1
1.45943858464 0
1.39805232984 1
1.33025261584 0
1.36555716212 1
1.3911627074 0
1.3696414273 1
1.41346318941 1
1.28064791208 0
1.35406927561 1
1.32575531851 0
1.23361885278 1
1.38692125764 0
1.48085405635 1
1.39344390766 0
1.3695203676 0
1.3350756534 1
1.37640820497 0
1.44797634205 1
1.3600873181 0
1.4192802825 0
1.30658840958 0
1.51652709217 1
1.26669225561 1
1.32284273023 1
1.54397132556 0
1.4413031177 0
1.40851008754 1
1.37157229872 1
1.25843543942 0
1.32763662151 1
1.24214202182 1
1.37413293632 0
1.46731096548 1
1.36626049571 1
